0.5791201575837163
0.5342105263157894
0.6255060728744939
0.5375000000000001
0.5667304015296367
0.5345666991236611
0.5991573879024977
0.5535597648595689
0.5579847908745248
0.5452870739944735
0.6051574012056262
0.5364583333333335
0.5883534136546185
0.5540653813914502
0.5246636771300449
0.6305369127516779
0.6109519261381725
0.6798561151079137
0.5785667324128863
0.6135962330782813
0.6133786848072562
0.621726822363765
0.6477707006369426
0.6110178031575412
0.5862656072644722
0.6552631578947368
0.5689291101055807
0.6398933017190279
0.5930232558139535
0.5723199092456042
0.6157540826128722
0.5680829708932754
0.5526813880126183
0.5823754789272031
0.6214415505754088
0.6182558534102478
0.605655686761964
0.5956112852664577
0.5941636582430806
0.6366782006920415
0.5748209574067094
0.5718467269824375
0.6423233695652174
0.6155878467635403
0.5530220774520448
0.5988312134754211
0.5592638802245788
0.49634193299961493
0.6304200542005419
0.5181457761512657
0.6342364532019705
0.5989672977624785
0.6419047619047619
0.6443499822883457
0.6323024054982819
0.5883470550981634
0.590560833588722
0.5631595778701631
0.5559420289855073
0.6010223298358891
0.5448735019973369
0.6066830165542612
0.5453664836938974
0.6295975768065772
0.5839066706551003
0.6502714787607793
0.5887154009936125
0.5250140528386734
0.5433564127926146
0.571643474990598
0.660737812911726
0.6077199281867146
0.6370993849142118
0.6426039316790203
0.6390906220397853
0.5639235855988244
0.5287595287595288
0.5905511811023622
0.6063593004769476
0.644704433497537
0.5274362818590705
0.5832157968970381
0.5909090909090908
0.6363636363636365
0.6502340093603745
0.5154017148301049
0.6412595644496762
0.5970389443192791
0.657986111111111
0.6003110419906688
0.540557871112536
0.597911227154047
0.6171583587656833
0.5917759237187127
0.6171185886965044
0.6558126249642959
0.4936467598475222
0.6080500195388824
0.649712643678161
0.6308395949036263
