0.6011494252873563
0.6780538302277432
0.5973271353864033
0.6877596676254395
0.6425992779783394
0.6017699115044247
0.6493666975594686
0.6417759838546923
0.5860566448801743
0.6451178451178451
0.6099928109273903
0.6274038461538461
0.6080947680157945
0.6246556473829201
0.589430894308943
0.5871051774666233
0.588562091503268
0.6032939491586108
0.5893371757925072
0.5727429557216792
0.5343648794530407
0.6577142857142857
0.6038897893030793
0.5932885906040268
0.6387464387464388
0.6308724832214765
0.6395908543922985
0.5845046280425095
0.6713852376137514
0.5660138976626659
0.6282782212086658
0.6241979835013749
0.5741512805241216
0.6109725685785536
0.5665040650406504
0.6243974786800148
0.54052308685825
0.5789647213979559
0.5940652818991098
0.5813953488372093
0.6371739848134698
0.6062412342215989
0.6280581039755352
0.5727818124407957
0.6044520547945205
0.6759336099585063
0.5993096956385315
0.6875202593192868
0.5848091302636756
0.6597394540942928
0.5789473684210527
0.6041397153945666
0.6320907617504052
0.6076086956521739
0.6169458762886598
0.5923836389280677
0.6172559195588712
0.5858272162619989
0.6331255565449688
0.6315108379165318
0.6132361870066787
0.5401459854014597
0.6111665004985045
0.6242965905329361
0.6158636512618815
0.5613879003558719
0.5603112840466926
0.5965528247685924
0.6132854578096948
0.5846569787090232
0.6719184430027804
0.5559428372255142
0.5974724388276419
0.6152398871119473
0.6427384513127284
0.5733987128409439
0.612391930835735
0.615606936416185
0.6482394366197183
0.6099562363238512
0.6093312597200622
0.5620005918910921
0.5633174791914387
0.6428821266176985
0.6147000659195782
0.6525252525252525
0.5870724819579543
0.5498142519419116
0.6233647703072711
0.6213592233009709
0.6112548512289779
0.6175156389633601
0.6033464566929133
0.6246666666666667
0.622271433090794
0.6296296296296297
0.6301983365323096
0.639826571694023
0.6493967352732434
0.6005555555555556
