0.6836108676599474
0.6923076923076924
0.6221889055472264
0.5572868927589367
0.6760299625468165
0.5221130221130221
0.5321428571428571
0.592326139088729
0.4921171171171171
0.5848252344416027
0.5684357541899441
0.6215722120658135
0.6427758816837315
0.5803432137285492
0.5808580858085809
0.6656472986748215
0.6218250235183443
0.5865257595772787
0.6284680337756333
0.6589473684210527
0.5717367853290184
0.6902313624678663
0.7308970099667774
0.7209302325581396
0.5095541401273885
0.6902654867256637
0.655099894847529
0.6482371794871795
0.6299603174603174
0.6737160120845921
0.6332179930795847
0.5561797752808989
0.6740823136818688
0.7351351351351351
0.5244215938303342
0.6185133239831697
0.6373748609566184
0.615126050420168
0.6958614051973051
0.48517520215633425
0.6491416309012875
0.6477419354838709
0.6823671497584541
0.7041719342604298
0.673352435530086
0.6993243243243243
0.6945205479452055
0.6219336219336219
0.4483333333333333
0.568075117370892
0.7828877005347593
0.739938080495356
0.6114965312190287
0.6510574018126889
0.6440894568690096
0.5403472931562819
0.7613104524180967
0.7317415730337079
0.5743174924165824
0.6476761619190405
0.6089449541284403
0.6946494464944649
0.6919127086007703
0.6867599569429494
0.5729166666666666
0.5232974910394265
0.6421895861148198
0.71
0.5169988276670575
0.6204238921001927
0.6526138279932547
0.6295620437956204
0.6639928698752228
0.6077547339945897
0.6262626262626263
0.6640926640926641
0.6529821843532145
0.6674391657010429
0.5391304347826087
0.6031746031746033
0.6332970620239391
0.5709134615384616
0.6491359879789632
0.7633365664403492
0.7192982456140351
0.6196660482374768
0.5531914893617021
0.7
0.7445652173913044
0.7137254901960784
0.6882352941176471
0.5593824228028503
0.598731165741475
0.6777996070726916
0.6566091954022988
0.6023706896551724
0.6541755888650963
0.688783570300158
0.5
0.621654501216545
