0.7938144329896907
0.5344585091420534
0.8341404358353511
0.7724620770128354
0.6485753052917231
0.7980198019801981
0.7293689320388349
0.6767208043310132
0.8695652173913043
0.712707182320442
0.6419316843345112
0.6799544419134396
0.4937369519832986
0.7709384460141272
0.701254275940707
0.7527151211361737
0.7441558441558441
0.6279461279461279
0.739502999143102
0.5192519251925192
0.6361867704280155
0.645045045045045
0.7112970711297071
0.7536071032186459
0.8118494795836669
0.7496598639455783
0.7253521126760564
0.6206140350877193
0.5222602739726028
0.6818873668188736
0.7313218390804598
0.6856763925729443
0.7816711590296496
0.6482412060301508
0.6676003734827265
0.6346555323590815
0.7651162790697674
0.7897371714643304
0.6434659090909091
0.6753363228699552
0.7048872180451128
0.7866666666666666
0.8322663252240717
0.6400817995910021
0.7061909758656874
0.6816220880069025
0.8326530612244897
0.7247849882720875
0.7597471022128556
0.6534954407294833
0.6126005361930295
0.7206595538312318
0.7602663706992231
0.6515544041450778
0.7083333333333334
0.6485436893203883
0.6286811779769527
0.6886792452830188
0.7997557997557998
0.8328416912487709
0.664406779661017
0.6384439359267735
0.5905109489051096
0.7276688453159041
0.7419028340080972
0.638993710691824
0.524822695035461
0.7482142857142857
0.7172653534183082
0.7083333333333333
0.5516528925619835
0.6396648044692738
0.7559808612440192
0.7675213675213676
0.7349624060150376
0.6206163655685442
0.4637223974763407
0.7431302270011947
0.7687793427230047
0.753069577080491
0.7418397626112759
0.7530201342281879
0.7768987341772152
0.7065868263473054
0.6551724137931034
0.6350515463917527
0.8676470588235294
0.8277945619335347
0.7320574162679426
0.5061043285238624
0.6948748510131109
0.709731543624161
0.6540284360189573
0.8083989501312335
0.8092243186582809
0.7140151515151515
0.7215189873417722
0.6593406593406593
0.5413416536661467
0.592638036809816
