0.7556675062972292
0.6657342657342656
0.6775553213909378
0.6646942800788954
0.7283464566929133
0.6725043782837127
0.6099706744868035
0.5983701979045402
0.5436337625178826
0.7272727272727272
0.6521145975443384
0.7103377686796316
0.6780821917808219
0.6199213630406291
0.7119341563786008
0.6552984165651645
0.5312899106002554
0.5141903171953255
0.611336032388664
0.7640653357531759
0.4757160647571606
0.6173814898419865
0.5468998410174881
0.720703125
0.6312056737588653
0.6342943854324734
0.603290676416819
0.6616052060737528
0.6393229166666667
0.8192771084337349
0.650095602294455
0.6770255271920089
0.4786184210526316
0.650887573964497
0.6893424036281179
0.5599999999999999
0.6898047722342734
0.8275
0.7781021897810219
0.7565217391304347
0.6584821428571429
0.6994301994301994
0.7686375321336761
0.6262626262626263
0.755134281200632
0.666023166023166
0.7100591715976331
0.5727272727272728
0.627906976744186
0.7206349206349206
0.7183770883054893
0.7229129662522202
0.5162659123055162
0.5287539936102237
0.72991452991453
0.6289473684210526
0.6988235294117647
0.6051873198847263
0.6003016591251885
0.7231352718078381
0.7112299465240642
0.6988950276243094
0.5169712793733682
0.7806539509536785
0.6959459459459459
0.6363636363636365
0.7464589235127478
0.6474543707973103
0.6371428571428571
0.7015503875968992
0.6635773864689527
0.6960651289009497
0.48217054263565895
0.6121794871794872
0.5860927152317881
0.625
0.532
0.6357947434292865
0.7434052757793765
0.5619834710743802
0.5963687150837989
0.5768566493955094
0.6819672131147541
0.7735294117647059
0.6114044350580782
0.7180232558139535
0.6236979166666667
0.5607008760951189
0.5088408644400786
0.5854077253218883
0.6613065326633165
0.6317567567567568
0.5777351247600768
0.7526132404181185
0.6103059581320451
0.7237569060773481
0.5434173669467787
0.75177304964539
0.6072041166380788
0.6867749419953596
