0.6113956466069143
0.6160431198478122
0.6059038344491783
0.6390619274459509
0.5909090909090909
0.5805818895063747
0.6602996254681648
0.6606732976281561
0.5988354275206865
0.6667763157894737
0.5419551370811411
0.5805042016806723
0.6433239962651728
0.5978982300884955
0.6023559375994907
0.5793842960913178
0.6173764906303237
0.5660208643815202
0.6226937269372693
0.620384047267356
0.6356516290726817
0.5981764897427548
0.555720213396562
0.5856386109476163
0.6609299516908212
0.6182028538372542
0.6069868995633187
0.6117302052785923
0.5928525845564774
0.6093007467752887
0.6193901035673187
0.6208418194161575
0.5950101537568901
0.6078048780487805
0.6144360902255639
0.5438127090301003
0.6280504156610351
0.6308186195826645
0.6295431810603535
0.5699052132701422
0.5784342688330871
0.6468986384266263
0.5651105651105651
0.6514778325123153
0.5618540557469465
0.6146507666098808
0.6075008082767539
0.6014285714285714
0.6740976645435244
0.6010891763104153
0.6460017969451932
0.6356865284974093
0.5900396968603392
0.6420047732696897
0.6464414562151525
0.6211325160537069
0.6514785757392879
0.639574629699962
0.6161369193154034
0.6215277777777778
0.633056430822114
0.5949479940564636
0.6141893872764586
0.6201636904761905
0.5753516409912927
0.6045998739760555
0.6274748705452331
0.5885152284263959
0.5653689715281812
0.5458500669344043
0.6252390057361378
0.5746095048188767
0.5456813221078889
0.6689234935680434
0.6136618141097425
0.5808656036446469
0.5605177993527508
0.5690915419422207
0.5594824865888294
0.5929544108940201
0.5981156595191682
0.6232517482517483
0.5673217952478732
0.6618798955613577
0.6133884919142535
0.6306990881458967
0.6082812034554661
0.591913903432228
0.5715172199813838
0.6183870967741936
0.6154079466181377
0.5251182033096926
0.5967961826857532
0.612400733048259
0.6125042940570251
0.5849056603773585
0.6317103620474407
0.5870286576168929
0.5388571428571428
0.5351511169513798
