0.6405325443786982
0.6095556908094949
0.6173499702911468
0.5704180064308683
0.6314038589487692
0.5766971279373369
0.651607759766144
0.5811281337047355
0.669645926435201
0.5807463154593916
0.5359223300970873
0.5181417429637165
0.5803728455856489
0.6303715670436187
0.6136658031088082
0.593738754947823
0.6386304428730927
0.5381718589524136
0.6259980836793356
0.6126091910368401
0.6217948717948718
0.5343185550082101
0.5984463698834778
0.6030183727034121
0.5969893944577489
0.6132630926557174
0.6100303951367781
0.639220615964802
0.5986586657253794
0.5944103612815268
0.6549573210768219
0.5541979949874687
0.5900791235544735
0.628839590443686
0.5347291458956465
0.5788005578800557
0.5677539114293291
0.6714380825565912
0.5601212529471202
0.5871409921671018
0.6315641673687167
0.6045317220543807
0.6230126650498518
0.6051825020897186
0.5680129240710823
0.6469982847341338
0.5505653266331659
0.6543830262423227
0.5814696485623002
0.6121232196091421
0.6187786798446876
0.5564840606623336
0.5298804780876494
0.5657407407407408
0.6421736158578264
0.689584049501547
0.5724137931034483
0.6055911081172112
0.5742519901180345
0.6109462578305308
0.5942706810874013
0.5628871532453542
0.642774230992455
0.6005702436495594
0.6464124111182935
0.6094052558782849
0.6438356164383561
0.5787488211254322
0.5889908256880734
0.6245165129425766
0.6263333333333333
0.5782723500565824
0.5982246236974141
0.6132963988919667
0.6155703077851539
0.6374695863746959
0.633090909090909
0.6128771551724139
0.6064036222509702
0.5714818962299365
0.5838271174625305
0.5746516257465162
0.6215429403202329
0.5746753246753247
0.5647058823529411
0.6006722689075631
0.6478674656327107
0.5818128310771041
0.5422177009155646
0.6306275579809004
0.5991159469568174
0.649367088607595
0.5679886685552409
0.6009331259720062
0.6143250688705235
0.624859075535513
0.5864741106023248
0.6326142131979695
0.5802507836990596
0.5568356374807988
