0.5710526315789473
0.5421646746347941
0.5687891784889475
0.5649425287356321
0.5451631701631703
0.5446133509583609
0.6250486192143135
0.506637961966272
0.5508710801393728
0.6378098409174991
0.5415754923413567
0.49518716577540106
0.5726045439578531
0.5564980308997273
0.5296572280178837
0.5256806062307045
0.5353788353162179
0.5225828036132486
0.624620982413584
0.5536467751657624
0.5983388704318937
0.5933922145894668
0.5021318465070514
0.5254184748915065
0.5353068146777675
0.5377164660992075
0.5577388149939541
0.559179186515207
0.5280492218602968
0.6070175438596491
0.5841521394611727
0.5711009174311926
0.5185916419874959
0.5360954174513496
0.5836226851851852
0.5860817941952506
0.6041003888299752
0.5384857053094565
0.5965710286913927
0.5279260049804341
0.47410649161196206
0.5807418508804797
0.5898843930635839
0.5867439333574792
0.6052819414703783
0.5499848988221081
0.5618193465727098
0.5405405405405406
0.5164596273291925
0.5016825574873808
0.629709035222052
0.6053113553113554
0.5160380683820938
0.5343340785691473
0.5733333333333334
0.6155303030303031
0.5270991294580174
0.500609756097561
0.6393583500429676
0.5459803354540197
0.5295794725588026
0.5321852060982495
0.5262962962962963
0.6054380664652568
0.5694444444444444
0.51438127090301
0.5829195630585898
0.632292058712834
0.5107118175535591
0.6399299474605955
0.5489164086687307
0.504788932245477
0.5600717274357442
0.519742614799649
0.6061135371179039
0.5716472749540722
0.5538678912045213
0.5604929051530994
0.5657212564806344
0.6245235069885642
0.6088216355441082
0.5430560644924881
0.503382949932341
0.5198083067092651
0.5498955067920586
0.5387826086956521
0.5899788285109386
0.4770851124395104
0.48099117447386286
0.5515519086692828
0.6199095022624435
0.5848198670863938
0.5820993747943402
0.5628654970760233
0.5683670389375188
0.5931593159315931
0.5398528510116494
0.508610086100861
0.6480179028132993
0.5651420651420651
