0.513384321224
0.459960291198
0.598873799271
0.526062066888
0.519047619048
0.566767830046
0.523299748111
0.49924402782
0.564566655064
0.485495165055
0.526691495965
0.51919809718
0.52242926156
0.509031684927
0.494344237236
0.578644501279
0.562102351314
0.524555903866
0.512591119947
0.50863528615
0.574046260138
0.538208168643
0.606592729513
0.610347085789
0.636200716846
0.560157790927
0.575140449438
0.583188908146
0.538256566426
0.509797724399
0.579946603382
0.506127101738
0.527801061749
0.565108252275
0.573770491803
0.503198294243
0.492537313433
0.488507419261
0.543677458766
0.571218795888
0.558259081563
0.575502851996
0.574420103093
0.59364228265
0.47322011757
0.611439842209
0.599342585829
0.582322357019
0.512059369202
0.567628205128
0.544835007174
0.552383671139
0.540399652476
0.560511882998
0.607861060329
0.537685459941
0.554701792902
0.531281032771
0.57125
0.527097661623
0.503348961822
0.539980885632
0.572964669739
0.504175064785
0.554488241139
0.557924662402
0.533711615487
0.482585596222
0.576186729609
0.547729710404
0.568527918782
0.576266363119
0.567091087169
0.527449196239
0.498668442077
0.486392184229
0.569405971068
0.545518453427
0.47381370826
0.570868945869
0.498414528683
0.548136645963
0.584817244611
0.568256041803
0.575510204082
0.490288404944
0.560144215011
0.555704697987
0.559840832568
0.513584574934
0.602077363897
0.520814061055
0.499022164276
0.57196969697
0.550034270048
0.524778106509
0.546604527297
0.478863713223
0.569103096074
0.512396694215
