0.7516930022573364
0.6946107784431138
0.5363321799307958
0.5657142857142857
0.8211143695014662
0.6639511201629328
0.6310679611650486
0.7835365853658536
0.6657824933687003
0.554639175257732
0.5779569892473119
0.4873294346978557
0.7062634989200863
0.6656249999999999
0.7442273534635879
0.549718574108818
0.6372881355932203
0.7754237288135593
0.5984455958549223
0.7348837209302327
0.5519480519480521
0.631578947368421
0.6926605504587156
0.5982905982905983
0.6422018348623854
0.4619289340101523
0.6233766233766234
0.6185344827586207
0.6234458259325044
0.6224328593996841
0.8
0.6153846153846153
0.5396475770925111
0.6944444444444445
0.5248618784530387
0.8465608465608466
0.6476377952755906
0.576923076923077
0.7604166666666666
0.7445887445887447
0.5216049382716049
0.6248037676609105
0.7202380952380952
0.7163461538461539
0.7587209302325582
0.6512524084778419
0.6302816901408451
0.633879781420765
0.7795918367346939
0.556581986143187
0.7013201320132013
0.6319290465631929
0.629151291512915
0.6762295081967212
0.6765498652291104
0.7039274924471298
0.5334728033472804
0.7504332755632582
0.6490066225165564
0.5707656612529003
0.6907449209932279
0.6680080482897385
0.7317073170731707
0.6897233201581028
0.6781609195402298
0.6446280991735537
0.5233644859813085
0.7895791583166333
0.6117021276595744
0.8222698072805139
0.5056603773584905
0.549597855227882
0.6910377358490566
0.6395348837209303
0.8215859030837004
0.6345679012345679
0.6794871794871795
0.6764705882352942
0.6222222222222223
0.6673267326732674
0.7154471544715447
0.6061776061776062
0.5620689655172414
0.6490765171503957
0.7695560253699788
0.6
0.6852367688022284
0.5838150289017341
0.7074829931972789
0.6423529411764706
0.6225680933852139
0.7065573770491802
0.726605504587156
0.6345177664974619
0.7361563517915309
0.7118353344768439
0.6821192052980133
0.6401515151515151
0.47138047138047134
0.671957671957672
