0.5459844559585492
0.511564211807669
0.5886727688787186
0.5284920083391244
0.5156462585034014
0.569147333534197
0.5397504456327985
0.6316503800217156
0.6195543731293648
0.5903069466882067
0.4899744804958075
0.5395292697646349
0.5595757953836556
0.5946649316851007
0.5587459712862584
0.5710128055878929
0.522576760987357
0.5243619489559165
0.5492424242424242
0.527723924001551
0.6269256530475552
0.5412647374062165
0.5311277125578086
0.528695652173913
0.5206896551724137
0.5328227571115974
0.5929663608562691
0.5576243980738362
0.550937950937951
0.5715839072127583
0.4814814814814815
0.5174544331170837
0.49916712937257074
0.5415970598062144
0.5491615853658537
0.5360759493670887
0.5200130165961601
0.55989110707804
0.5558035714285714
0.5932304038004751
0.5091803278688525
0.5514527845036319
0.570479704797048
0.5299169768107643
0.5619884813579873
0.5133995784402289
0.5848638378720709
0.6264849755415793
0.5411806291975962
0.5934206323858193
0.4555416405760802
0.5687095546250476
0.5
0.5098343685300206
0.5411173885750156
0.5424604455925089
0.5720201123927832
0.5146598348989467
0.6193525435787977
0.5309867629362215
0.5953360768175583
0.514640356460853
0.5255319148936171
0.5424
0.5032701111837803
0.570415040794608
0.5057106598984772
0.617515923566879
0.5369854534199937
0.5879257823317641
0.5579258286839515
0.5364321608040201
0.4304307406259684
0.5092526690391459
0.5061946902654867
0.5567928730512249
0.5172998643147897
0.5398256687706643
0.5792312879298719
0.48906009244992293
0.5887850467289719
0.5736914600550964
0.5329380764163373
0.5751943224062183
0.4277831872768581
0.5427040655531044
0.5372497538562521
0.5898686679174484
0.5526634382566586
0.537294155634485
0.5777638975640225
0.5598650927487353
0.5696988512884197
0.5495798319327732
0.5130278526504942
0.5559396605908233
0.5839974497927957
0.5306309052118257
0.5236024844720497
0.5094217024041585
