0.7298387096774195
0.7755102040816326
0.7829360100376411
0.7374161073825504
0.5458984375
0.7039215686274509
0.6252566735112937
0.7169517884914463
0.7040816326530612
0.6187134502923977
0.8007159904534606
0.6524317912218268
0.6743849493487699
0.7021839841164792
0.8541953232462173
0.6540284360189574
0.6762208067940552
0.6032388663967612
0.7025246981339187
0.5759911894273128
0.5656963021243115
0.5837988826815642
0.6478494623655914
0.5441696113074205
0.6079447322970639
0.7047619047619048
0.7963636363636364
0.6937229437229437
0.6814159292035399
0.8107692307692308
0.5764596848934198
0.680573663624511
0.7424657534246575
0.7473378509196515
0.5891141942369265
0.6332703213610587
0.7069431920649233
0.7869884575026233
0.7212249208025343
0.7175368139223561
0.600334448160535
0.6427015250544662
0.7132947976878613
0.5901639344262295
0.6542130365659777
0.745152354570637
0.6592356687898089
0.8209109730848861
0.7390326209223846
0.7073643410852714
0.7183098591549296
0.5686274509803922
0.6928934010152283
0.6417212347988774
0.41820768136557607
0.6127886323268207
0.7131079967023908
0.6280834914611005
0.6580882352941178
0.6785350966429298
0.6875
0.6828675577156744
0.6663007683863886
0.67
0.6685649202733486
0.5307167235494881
0.7717908082408875
0.8059701492537314
0.8208333333333333
0.6318584070796459
0.6948051948051948
0.6585365853658537
0.6913746630727763
0.6517241379310345
0.6200828157349897
0.7555865921787709
0.4546742209631728
0.8360360360360359
0.724047306176084
0.6254237288135593
0.5866523143164694
0.6674259681093394
0.5422960725075529
0.7162011173184357
0.6384915474642393
0.7227488151658767
0.5793780687397709
0.7063356164383562
0.7014218009478672
0.6087533156498673
0.6606005459508645
0.7082018927444795
0.6707168894289186
0.6874999999999999
0.7256637168141593
0.6852459016393443
0.45166402535657685
0.7426666666666666
0.521015761821366
0.7740259740259741
