0.6443148688046647
0.5180921052631579
0.588957055214724
0.641169853768279
0.7298919567827131
0.6410256410256411
0.6829745596868884
0.6514806378132119
0.8252788104089219
0.6908045977011494
0.6456310679611651
0.8392857142857143
0.6400911161731208
0.6484641638225256
0.7982608695652174
0.6563876651982379
0.7494061757719714
0.7564322469982847
0.6762360446570972
0.6071428571428571
0.642072213500785
0.6811023622047244
0.699438202247191
0.7125748502994012
0.6253918495297806
0.6393442622950819
0.6026058631921825
0.6063829787234043
0.5897771952817824
0.6695906432748538
0.6092943201376937
0.7054698457223002
0.8222222222222222
0.7826923076923077
0.6576576576576577
0.712468193384224
0.6428571428571429
0.6853146853146853
0.6677018633540373
0.6828087167070218
0.6731898238747553
0.6951951951951951
0.728468899521531
0.7645569620253164
0.6468797564687976
0.5948717948717949
0.5742379547689282
0.7703488372093024
0.7613981762917934
0.6779141104294478
0.5976230899830222
0.6693290734824281
0.6596736596736597
0.703476482617587
0.6593406593406593
0.5491329479768786
0.7194174757281554
0.7056737588652483
0.5990675990675991
0.7101200686106346
0.7690742624618514
0.7062314540059347
0.6095808383233533
0.5790725326991677
0.7248968363136177
0.7892307692307693
0.686159844054581
0.6935672514619883
0.45595854922279794
0.7326478149100257
0.6846846846846846
0.6160164271047227
0.6562107904642409
0.6829896907216495
0.6087456846950517
0.6928721174004193
0.6835443037974683
0.5760743321718932
0.6578125
0.6781725888324873
0.7630057803468209
0.8057553956834532
0.75181598062954
0.5416666666666666
0.65
0.7488855869242199
0.8603988603988604
0.6631716906946264
0.517175572519084
0.59375
0.6831683168316832
0.7028885832187071
0.7934186471663619
0.6324237560192616
0.6807580174927114
0.5341176470588235
0.5975308641975309
0.671251719394773
0.7338129496402878
0.7806122448979592
