0.7264653641207814
0.699047619047619
0.7607361963190183
0.7754237288135593
0.6312949640287769
0.6839729119638825
0.6610169491525424
0.5433526011560694
0.5836653386454184
0.6916666666666667
0.7699757869249394
0.66270783847981
0.7960992907801419
0.6758793969849246
0.6439873417721519
0.551487414187643
0.5974358974358974
0.7537942664418212
0.6579710144927536
0.7342857142857143
0.6697459584295612
0.6472663139329806
0.4847870182555781
0.7239488117001828
0.7521929824561403
0.7156177156177156
0.7417061611374408
0.5938697318007663
0.6113207547169811
0.6768149882903981
0.5856236786469344
0.6701030927835052
0.7199124726477024
0.7479674796747968
0.6701570680628273
0.7288503253796096
0.642123287671233
0.5096525096525096
0.6221765913757701
0.7295597484276729
0.698076923076923
0.7916666666666667
0.7392473118279569
0.7934272300469484
0.6363636363636365
0.73828125
0.647887323943662
0.7142857142857143
0.6797752808988764
0.6699029126213591
0.782608695652174
0.6114649681528663
0.8026666666666668
0.7224080267558528
0.8197115384615384
0.44525547445255476
0.5407166123778502
0.5915492957746479
0.8378378378378378
0.6157635467980295
0.6857142857142857
0.706030150753769
0.6641104294478527
0.628992628992629
0.6647887323943662
0.6812749003984064
0.56353591160221
0.634508348794063
0.5183374083129585
0.7212713936430317
0.5664488017429193
0.6046511627906976
0.6439393939393939
0.6575963718820861
0.717948717948718
0.5274390243902439
0.6066350710900474
0.6842105263157894
0.7361809045226131
0.6196721311475409
0.5472222222222223
0.6518883415435139
0.6629526462395543
0.7564655172413792
0.698956780923994
0.6844106463878327
0.7651006711409396
0.6459016393442623
0.5667447306791569
0.656964656964657
0.6982968369829683
0.6336842105263158
0.5985533453887883
0.7265822784810126
0.7696335078534031
0.6748878923766817
0.6093117408906883
0.6365638766519823
0.6767676767676768
0.6064516129032258
