0.7615112160566706
0.8090614886731392
0.7719298245614036
0.7089285714285715
0.6662499999999999
0.7670915411355735
0.8660714285714286
0.7861271676300579
0.5895522388059702
0.7650531286894923
0.6272285251215559
0.7643979057591623
0.7764876632801161
0.7796052631578947
0.8073394495412843
0.720505617977528
0.8441295546558705
0.7363253856942497
0.6372924648786717
0.7629911280101395
0.7437357630979499
0.7558299039780522
0.726890756302521
0.7452948557089084
0.7210242587601078
0.7318321392016378
0.8195364238410597
0.7595281306715064
0.801980198019802
0.676056338028169
0.7366136034732272
0.5818373812038015
0.7418300653594772
0.6913425345043915
0.8524788391777509
0.7360970677451972
0.7289719626168224
0.707105719237435
0.6979591836734694
0.7641277641277642
0.7024504084014003
0.8247863247863247
0.7063953488372093
0.8564742589703588
0.7455830388692579
0.7367688022284123
0.7144638403990026
0.740625
0.7591362126245847
0.6579925650557621
0.773109243697479
0.6816770186335404
0.7724665391969406
0.7431818181818182
0.7688243064729194
0.7523316062176166
0.6996381182147166
0.7422680412371134
0.8664323374340949
0.6408629441624365
0.6507042253521127
0.7739032620922385
0.7507598784194529
0.7573062261753494
0.7553191489361702
0.7928921568627452
0.7106274007682458
0.7977883096366508
0.8065506653019447
0.7961876832844574
0.6987767584097859
0.766497461928934
0.8105960264900661
0.7102803738317757
0.7785714285714285
0.6240601503759399
0.7766116941529235
0.7937062937062938
0.7232796486090776
0.6486111111111111
0.7647058823529411
0.7516233766233767
0.7492307692307691
0.5500705218617772
0.7331288343558282
0.6960408684546615
0.7465564738292011
0.7391304347826086
0.7153024911032029
0.6212664277180406
0.6691729323308271
0.7744063324538258
0.7404761904761905
0.7301829268292683
0.7446524064171123
0.7563176895306859
0.6442477876106195
0.8007425742574258
0.8168316831683168
0.8801652892561983
