0.5554298642533937
0.6523517382413089
0.7054054054054054
0.7304582210242587
0.6273062730627307
0.7420986093552465
0.6948228882833788
0.6559278350515463
0.6351351351351352
0.6050670640834575
0.5947187141216992
0.6694045174537987
0.7588028169014085
0.6344444444444445
0.6691842900302115
0.7017543859649124
0.6304909560723514
0.7495069033530571
0.6165113182423436
0.5596184419713832
0.6330645161290323
0.8115577889447236
0.7372262773722628
0.566412213740458
0.7352941176470589
0.5354107648725213
0.6056527590847913
0.689171974522293
0.578363384188627
0.7822349570200573
0.6633499170812603
0.5685358255451713
0.6639260020554985
0.6223776223776223
0.6403622250970246
0.5566037735849056
0.720820189274448
0.6604938271604938
0.5814307458143075
0.6262626262626263
0.5969924812030075
0.7766666666666666
0.5858585858585859
0.6261127596439169
0.7696476964769647
0.6516613076098607
0.6666666666666666
0.6842105263157895
0.44427001569858715
0.6415094339622641
0.6348088531187123
0.6626065773447016
0.6766623207301173
0.46594427244582043
0.5976190476190476
0.6564885496183206
0.646964856230032
0.6013824884792627
0.638961038961039
0.719029374201788
0.6686531585220501
0.6161202185792349
0.6477115117891817
0.7443850267379679
0.6118546845124282
0.7793696275071633
0.7358674463937621
0.610441767068273
0.5151515151515151
0.7607758620689655
0.6621923937360179
0.7266187050359713
0.7225981055480378
0.7000000000000001
0.6392092257001647
0.7380560131795716
0.6063183475091131
0.6049723756906077
0.7
0.6163410301953818
0.7286501377410468
0.650375939849624
0.6715116279069767
0.634765625
0.5767195767195766
0.7420986093552465
0.7906542056074766
0.6812585499316005
0.6656298600311041
0.6397694524495677
0.6801661474558671
0.6312625250501002
0.6730462519936203
0.6755555555555555
0.6453423120089787
0.6271870794078062
0.8901960784313725
0.5669421487603307
0.575880758807588
0.720505617977528
