0.642857142857
0.757225433526
0.660098522167
0.621238938053
0.570093457944
0.539240506329
0.617021276596
0.562992125984
0.542443064182
0.435435435435
0.703389830508
0.4555353902
0.72987012987
0.586206896552
0.422950819672
0.708860759494
0.690298507463
0.540069686411
0.711967545639
0.811904761905
0.562666666667
0.564189189189
0.455665024631
0.692708333333
0.632390745501
0.688953488372
0.622828784119
0.678244972578
0.674603174603
0.693266832918
0.610766045549
0.652671755725
0.519323671498
0.569124423963
0.560931899642
0.59693877551
0.614349775785
0.685185185185
0.727891156463
0.642348754448
0.579335793358
0.535885167464
0.642172523962
0.647388059701
0.515337423313
0.705752212389
0.649446494465
0.619863013699
0.589800443459
0.538126361656
0.591101694915
0.639386189258
0.706552706553
0.657342657343
0.722672064777
0.634782608696
0.76338028169
0.748366013072
0.67
0.728215767635
0.628301886792
0.646153846154
0.436585365854
0.748704663212
0.698060941828
0.654064272212
0.70041322314
0.643564356436
0.505319148936
0.699481865285
0.687366167024
0.576131687243
0.713896457766
0.71875
0.681281618887
0.613114754098
0.507731958763
0.52
0.479041916168
0.781609195402
0.534482758621
0.508050089445
0.670085470085
0.704347826087
0.697196261682
0.667560321716
0.698550724638
0.468333333333
0.641447368421
0.673218673219
0.603550295858
0.607305936073
0.735294117647
0.557177615572
0.436956521739
0.549682875264
0.496794871795
0.545454545455
0.634799235182
0.6352
