0.7967289719626168
0.7782340862422997
0.7886100386100385
0.724102564102564
0.856093979441997
0.7477124183006536
0.7398081534772183
0.7802516940948694
0.6997487437185929
0.7021857923497268
0.8073217726396916
0.6943089430894308
0.7131147540983607
0.8476190476190476
0.8269230769230769
0.8394557823129252
0.8320950965824666
0.7576564580559254
0.8087167070217918
0.8340548340548342
0.7832585949177878
0.7360515021459227
0.762532981530343
0.8037735849056604
0.8212634822804314
0.7459562321598477
0.8002577319587628
0.834625322997416
0.8175750834260289
0.7717908082408875
0.7748618784530386
0.7840172786177105
0.8230647709320695
0.8030634573304158
0.7662337662337662
0.7578347578347578
0.7245409015025042
0.7853881278538812
0.821220930232558
0.7423822714681441
0.824773413897281
0.8671328671328671
0.776416539050536
0.7503486750348676
0.7507246376811594
0.8146167557932263
0.8094660194174758
0.7278911564625851
0.7544910179640719
0.7627329192546585
0.7050359712230215
0.839811542991755
0.7438231469440832
0.778125
0.7731958762886598
0.7996894409937889
0.7952127659574468
0.6937751004016065
0.8339041095890412
0.86230876216968
0.7657142857142857
0.7570694087403599
0.805940594059406
0.7479289940828403
0.7632575757575758
0.7334575955265611
0.6774193548387096
0.763157894736842
0.7441540577716643
0.6517857142857143
0.671304347826087
0.7129506008010681
0.7822429906542057
0.7482710926694329
0.8266666666666668
0.7459677419354839
0.7159590043923865
0.7701612903225806
0.80797481636936
0.7547169811320755
0.6759581881533101
0.8167420814479638
0.810049019607843
0.8287153652392947
0.6248196248196248
0.6501457725947521
0.7709720372836218
0.6926553672316385
0.6785046728971962
0.7676886792452831
0.8656527249683144
0.8568807339449541
0.8137108792846497
0.7122186495176849
0.7858472998137803
0.7304038004750594
0.8409090909090908
0.7640449438202247
0.6731207289293849
0.8317241379310345
