0.7866666666666666
0.7772177419354839
0.7208271787296898
0.7756332931242461
0.7709923664122137
0.7552742616033755
0.6712707182320442
0.7835703001579779
0.7111801242236024
0.8144329896907216
0.701171875
0.40540540540540543
0.6606334841628959
0.7783595113438047
0.7006960556844548
0.8106169296987087
0.6463414634146342
0.7719298245614036
0.6905766526019691
0.6040723981900452
0.7580174927113703
0.7040110650069156
0.7257731958762887
0.736842105263158
0.6251638269986893
0.6506622516556292
0.7077175697865353
0.731638418079096
0.7132459970887918
0.7335375191424196
0.622746185852982
0.7649572649572649
0.6863207547169812
0.7749510763209393
0.663235294117647
0.7689393939393939
0.6958333333333333
0.6723716381418093
0.7911301859799714
0.7416149068322981
0.5987179487179488
0.665903890160183
0.7530647985989491
0.6959247648902821
0.7464028776978417
0.7228070175438597
0.7001239157372986
0.7218614718614719
0.7247524752475248
0.742603550295858
0.7203947368421053
0.8333333333333334
0.7121034077555817
0.7857142857142858
0.7391304347826088
0.6130653266331658
0.8179871520342612
0.7482352941176471
0.8475894245723172
0.8378812199036918
0.8227848101265823
0.685207100591716
0.696078431372549
0.7597840755735493
0.7519747235387046
0.6800595238095237
0.7799145299145299
0.7912280701754386
0.703601108033241
0.6829765545361876
0.7175025588536336
0.6948130277442702
0.7435320584926884
0.7327868852459016
0.8044444444444444
0.7349869451697127
0.8445378151260504
0.7408163265306122
0.5962059620596206
0.5966183574879227
0.7478632478632479
0.7272727272727272
0.7422680412371134
0.710843373493976
0.7512315270935961
0.7595628415300547
0.7025862068965516
0.700381679389313
0.7737142857142857
0.7375
0.7760910815939278
0.7191919191919192
0.679144385026738
0.8238172920065253
0.7772455089820359
0.7
0.701067615658363
0.7796610169491526
0.6742138364779874
0.7231182795698925
