0.7062256809338522
0.734
0.5812591508052708
0.7981818181818182
0.5986277873070326
0.75
0.6688102893890675
0.6874074074074074
0.7303370786516853
0.6473214285714286
0.6090651558073654
0.6062767475035664
0.6734693877551021
0.5953654188948307
0.7050092764378478
0.703232125367287
0.7384105960264901
0.6852861035422343
0.6992125984251968
0.6133333333333333
0.6988727858293077
0.7145015105740181
0.6157142857142858
0.7874617737003058
0.7222222222222222
0.7076023391812866
0.680119581464873
0.6732394366197183
0.5850785340314136
0.7873134328358209
0.6373390557939914
0.6126482213438735
0.7844827586206896
0.6175925925925927
0.7253829321663019
0.7055837563451777
0.5697674418604651
0.7388724035608308
0.6758147512864493
0.6786570743405276
0.7695121951219512
0.7134670487106017
0.6783783783783783
0.729281767955801
0.6112359550561798
0.7191489361702128
0.6732142857142858
0.7128279883381925
0.6521197007481296
0.7196765498652291
0.6897106109324759
0.6180469715698393
0.6567164179104477
0.6810073452256034
0.674468085106383
0.625
0.754424778761062
0.7556325823223571
0.7592891760904684
0.6079632465543645
0.7425569176882661
0.7699481865284974
0.6283068783068784
0.5963687150837989
0.6309963099630996
0.6759656652360515
0.6653944020356234
0.7525925925925926
0.6658653846153846
0.7432590855803048
0.7531956735496559
0.6482861400894188
0.7274436090225563
0.5834292289988493
0.6002252252252251
0.7022274325908558
0.6391752577319587
0.6279547790339157
0.7208374875373879
0.7463768115942029
0.7076923076923077
0.6431718061674009
0.6996047430830039
0.6300653594771243
0.5557083906464924
0.8016528925619835
0.6384720327421556
0.6232179226069245
0.7161290322580646
0.6467958271236959
0.5472560975609756
0.5855855855855856
0.7112676056338029
0.6842923794712286
0.5912117177097204
0.8
0.5949535192563081
0.6172413793103448
0.5445783132530121
0.6549210206561361
