0.6307692307692306
0.7515683814303639
0.7151898734177214
0.8948863636363636
0.6535626535626536
0.7313829787234043
0.765524625267666
0.8255977496483826
0.658321060382916
0.8495867768595041
0.7113790504898266
0.7484076433121019
0.6379542395693136
0.6766304347826088
0.5140515222482436
0.7215064420218037
0.6634146341463415
0.7383548067393457
0.7783783783783783
0.6829268292682927
0.7220630372492837
0.6246246246246246
0.645021645021645
0.6611111111111111
0.7619047619047619
0.6671214188267394
0.7603978300180833
0.7355191256830601
0.6304780876494024
0.6328437917222964
0.7464788732394366
0.8300751879699249
0.6742738589211619
0.4289617486338798
0.758
0.7382465057179162
0.5963963963963963
0.5591397849462365
0.7425828970331588
0.6916859122401848
0.7570175438596491
0.6152758132956153
0.689161554192229
0.7819999999999999
0.7103610675039247
0.6534541336353341
0.8498212157330155
0.7256554307116104
0.6924643584521385
0.7554744525547445
0.647010647010647
0.7413173652694611
0.6884057971014492
0.8466666666666667
0.7430478309232481
0.6691588785046728
0.742462311557789
0.7889581478183437
0.8063457330415755
0.7178602243313201
0.76
0.7070938215102975
0.6761517615176151
0.7250830564784053
0.7305101058710299
0.8571428571428571
0.8717948717948718
0.7288851351351352
0.7434052757793765
0.7772151898734178
0.7122302158273381
0.7144719687092569
0.8311817279046674
0.7210084033613445
0.6760752688172044
0.6466346153846153
0.8023850085178876
0.7017783857729138
0.7901234567901234
0.6970705725699068
0.7053140096618358
0.6933797909407665
0.8823529411764706
0.7293689320388349
0.7139737991266375
0.6742957746478874
0.8080708661417323
0.7478890229191797
0.6688741721854304
0.7818930041152264
0.6538461538461537
0.7350689127105666
0.8068181818181818
0.7406451612903227
0.6563517915309446
0.5559322033898304
0.5927209705372618
0.6755447941888619
0.7944055944055944
0.6402569593147752
