0.6361111111111112
0.7363420427553444
0.6459510357815443
0.6057233704292527
0.6356589147286822
0.4922779922779923
0.674061433447099
0.7831050228310503
0.5206349206349207
0.681640625
0.6610644257703081
0.6315789473684211
0.5631970260223048
0.6636636636636636
0.7307692307692308
0.6730769230769231
0.6619144602851325
0.7463976945244957
0.6598173515981735
0.6112359550561798
0.6190476190476191
0.5
0.7142857142857142
0.5788235294117646
0.735009671179884
0.752212389380531
0.53125
0.5924276169265034
0.6374367622259697
0.4164859002169197
0.5902439024390244
0.6347607052896725
0.6595744680851063
0.7028571428571428
0.6224899598393574
0.5807962529274004
0.7032520325203253
0.6969072164948453
0.5888888888888889
0.710204081632653
0.5990453460620525
0.8005115089514067
0.7547169811320755
0.5408163265306122
0.5981012658227849
0.7684824902723736
0.5681341719077567
0.7340425531914894
0.6813186813186813
0.5781710914454278
0.5047021943573667
0.42389525368248776
0.6941838649155723
0.5378590078328982
0.7048458149779735
0.6784810126582279
0.7089337175792507
0.6224299065420561
0.5647921760391198
0.6489898989898989
0.7228464419475655
0.622093023255814
0.6610978520286396
0.6297169811320755
0.43497757847533636
0.5742092457420924
0.5322245322245323
0.7477477477477478
0.6303797468354431
0.72744014732965
0.5684803001876173
0.6439393939393939
0.5443037974683544
0.7375565610859728
0.5384615384615384
0.7218045112781954
0.5450236966824644
0.6868686868686869
0.5125000000000001
0.7139689578713969
0.5533596837944664
0.6253164556962025
0.6332882273342354
0.7168831168831169
0.6153846153846154
0.7751371115173675
0.7135593220338983
0.575257731958763
0.5898692810457516
0.6993987975951904
0.7028985507246377
0.7643312101910829
0.7244655581947744
0.6648793565683646
0.546712802768166
0.5761772853185596
0.7769953051643192
0.691358024691358
0.640625
0.6548323471400394
