0.6926713947990544
0.6310572687224669
0.7085582112567463
0.6290697674418605
0.6153846153846153
0.7466887417218543
0.6294117647058823
0.7023172905525847
0.7250470809792844
0.6139112903225806
0.8495726495726497
0.6530386740331491
0.7088204038257174
0.6688372093023256
0.7269417475728155
0.6406249999999999
0.5646036916395223
0.5870445344129555
0.6972193614830072
0.7788778877887789
0.599133261105092
0.6552763819095477
0.6477093206951027
0.6454935622317596
0.7120980091883614
0.7132442284325639
0.656969696969697
0.7474074074074074
0.6085889570552147
0.5132743362831858
0.5551470588235294
0.7346326836581709
0.8254189944134078
0.6537949400798936
0.7736900780379041
0.46433566433566437
0.6662030598052852
0.65770423991727
0.6089965397923875
0.7172619047619048
0.6358635863586358
0.6679462571976967
0.7437295528898583
0.7605965463108321
0.834445927903872
0.6052173913043478
0.5103030303030303
0.6699999999999999
0.7490996398559424
0.6295133437990581
0.717683557394002
0.5495283018867924
0.6461071789686551
0.6327586206896553
0.6245733788395904
0.5562599049128368
0.5937248592115849
0.599406528189911
0.7479892761394102
0.6456241032998565
0.625615763546798
0.7554347826086957
0.8111979166666666
0.634011090573013
0.6885245901639344
0.6196032672112018
0.48614609571788414
0.696969696969697
0.6451905626134301
0.608267716535433
0.7106227106227107
0.6218592964824121
0.6171428571428571
0.8157575757575758
0.7437185929648241
0.5321180555555556
0.5628847845206684
0.5340314136125653
0.7005545286506469
0.40753424657534243
0.6757246376811594
0.614766081871345
0.6235780765253361
0.5980810234541578
0.7179226069246436
0.7226890756302521
0.7310469314079422
0.6331058020477816
0.7517162471395881
0.6670776818742292
0.7024265644955301
0.640495867768595
0.7966305655836342
0.6151685393258427
0.6611053180396247
0.6867335562987736
0.6761194029850746
0.6251748251748253
0.7807737397420867
0.6478365384615384
