0.6307007786429366
0.6893617021276596
0.7404202719406675
0.7000993048659385
0.7104959630911188
0.7749766573295985
0.69432918395574
0.6161137440758294
0.677336747759283
0.7284623773173391
0.683743842364532
0.7884615384615384
0.7397260273972602
0.8191190253045922
0.6381322957198443
0.6032138442521632
0.6862326574172892
0.5905743740795287
0.5756013745704467
0.6920289855072463
0.7194357366771159
0.825301204819277
0.5880829015544041
0.6548223350253808
0.6607773851590106
0.7758620689655172
0.5407577497129736
0.8023106546854942
0.6366950182260025
0.514575411913815
0.43233743409490333
0.7129060579455663
0.62472647702407
0.7088733798604187
0.6662387676508345
0.6415633937082936
0.7676902536715621
0.7804511278195488
0.7532314923619271
0.7081339712918661
0.7404674046740467
0.6743330266789329
0.8290816326530612
0.764423076923077
0.5361842105263158
0.7513966480446927
0.6791707798617967
0.7479768786127167
0.7385103011093503
0.6026615969581749
0.6530815109343937
0.6242118537200504
0.6318956870611836
0.6091205211726384
0.6208378088077336
0.6006191950464396
0.7767857142857143
0.646078431372549
0.5996908809891809
0.7292464878671775
0.6170411985018727
0.6458055925432756
0.6359945872801083
0.6416772554002541
0.6687435098650051
0.6716417910447761
0.761478163493841
0.7269709543568464
0.7654075546719683
0.6767304860088366
0.6513671875
0.6784599375650364
0.8194271481942715
0.718775181305399
0.7047353760445683
0.6642547033285094
0.6962962962962963
0.6298342541436464
0.7488372093023257
0.7493333333333334
0.6587112171837709
0.7519640852974186
0.8353140916808148
0.6036363636363636
0.5764925373134329
0.6844809866392599
0.5984630163304515
0.6804812834224598
0.6269368295589988
0.6541425818882466
0.6650853889943074
0.758254716981132
0.6363636363636364
0.7340241796200345
0.643437862950058
0.6875
0.6550522648083624
0.7330434782608696
0.5260196905766527
0.6695544554455445
