0.6976190476190477
0.6067226890756303
0.608359133126935
0.5973154362416107
0.5482866043613707
0.7587822014051522
0.6808510638297872
0.640506329113924
0.6508474576271186
0.5764705882352941
0.5615763546798029
0.6634429400386846
0.5707154742096505
0.5476190476190476
0.6796116504854369
0.6914414414414414
0.5522788203753352
0.6398026315789473
0.736998514115899
0.6459459459459459
0.6534954407294833
0.675268817204301
0.7197696737044146
0.5640449438202246
0.4288990825688074
0.6731448763250883
0.5679442508710801
0.541095890410959
0.6028880866425993
0.594392523364486
0.6827794561933536
0.5630550621669628
0.6407563025210085
0.40406320541760726
0.6622516556291391
0.6631299734748011
0.5269230769230769
0.6361607142857143
0.6407942238267149
0.5892193308550187
0.5337837837837838
0.6560283687943262
0.6252821670428893
0.6861702127659575
0.5888077858880778
0.6501079913606911
0.7430555555555557
0.519672131147541
0.5426621160409557
0.5888324873096447
0.611111111111111
0.5885328836424958
0.5585585585585586
0.48561151079136694
0.4953271028037383
0.4960835509138381
0.5688729874776386
0.5446224256292906
0.6688453159041394
0.6252927400468384
0.677376171352075
0.5695067264573991
0.6743421052631579
0.6401869158878505
0.7390029325513197
0.5521126760563381
0.7161654135338346
0.5883905013192612
0.7094017094017093
0.5975609756097561
0.7368421052631579
0.4651685393258427
0.6953488372093023
0.6620689655172414
0.5527950310559007
0.724935732647815
0.5232273838630807
0.43478260869565216
0.5172413793103448
0.6298701298701299
0.532258064516129
0.6505494505494506
0.6315789473684211
0.6830122591943958
0.6492985971943889
0.605568445475638
0.4642126789366053
0.3806451612903226
0.6372093023255815
0.7369565217391305
0.7094972067039106
0.570957095709571
0.6446078431372549
0.5621181262729125
0.6454767726161369
0.6544240400667779
0.6906187624750498
0.6363636363636364
0.6333333333333334
0.7270742358078602
