0.5147783251231527
0.6140350877192982
0.5515151515151515
0.6656534954407295
0.7067833698030634
0.6751269035532995
0.6216696269982238
0.6807980049875312
0.5798816568047338
0.5447154471544716
0.6889692585895117
0.5822784810126582
0.6450381679389313
0.5953488372093023
0.7551789077212807
0.5303867403314917
0.5970149253731344
0.7192028985507247
0.6177215189873417
0.5362903225806452
0.7613168724279835
0.6326086956521739
0.6311475409836065
0.7551963048498845
0.6680672268907564
0.5406032482598607
0.6648936170212766
0.6594202898550725
0.6055900621118012
0.578740157480315
0.6554934823091247
0.6684118673647469
0.4949290060851927
0.6125760649087221
0.7011952191235059
0.48641975308641977
0.6347826086956522
0.5693641618497111
0.593886462882096
0.4163179916317992
0.6486486486486486
0.6683333333333334
0.5920502092050209
0.6419294990723562
0.650887573964497
0.62778730703259
0.6768488745980707
0.5702917771883289
0.7264150943396226
0.5527559055118111
0.5325814536340853
0.5586734693877551
0.5874587458745875
0.6206322795341098
0.6438746438746439
0.521072796934866
0.528673835125448
0.6188118811881188
0.6415094339622642
0.6706730769230769
0.6447602131438721
0.596078431372549
0.5633802816901409
0.6854368932038835
0.5889328063241107
0.7469586374695864
0.5758928571428571
0.49521531100478466
0.4890510948905109
0.5454545454545454
0.6657458563535912
0.6871035940803383
0.748235294117647
0.6933333333333334
0.6607460035523979
0.6777163904235727
0.7549668874172186
0.6124401913875598
0.6089743589743589
0.4427480916030535
0.7362637362637362
0.6203208556149733
0.7466666666666666
0.6923076923076924
0.709251101321586
0.6464208242950109
0.5978947368421053
0.6164383561643836
0.5346687211093991
0.5929752066115703
0.5932203389830508
0.5841209829867675
0.6165254237288135
0.751207729468599
0.6576271186440678
0.6473214285714285
0.5061349693251533
0.615929203539823
0.6973995271867612
0.5664488017429193
