0.7431865828092243
0.8283828382838283
0.6749716874292186
0.7134292565947242
0.5281342546890424
0.6423658872077029
0.6949286846275753
0.5631986242476353
0.6036519871106337
0.5205696202531646
0.6274298056155507
0.48021828103683495
0.5695732838589982
0.6707317073170731
0.6501547987616099
0.6535532994923858
0.7469066366704161
0.642754662840746
0.6826568265682658
0.7047619047619048
0.7109375
0.6925837320574163
0.6575654152445961
0.5935613682092555
0.5492957746478874
0.6916243654822335
0.706081081081081
0.5585168018539977
0.6942740286298569
0.6962962962962963
0.5944309927360775
0.5465587044534413
0.5717557251908397
0.6992592592592594
0.6211656441717791
0.6579710144927536
0.5980511571254568
0.6494538232373386
0.6351730589335828
0.6825726141078838
0.6685393258426967
0.7634032634032634
0.77818853974122
0.6472049689440993
0.7722567287784678
0.6710182767624021
0.6377952755905512
0.6404657933042212
0.628440366972477
0.6115384615384615
0.6269487750556793
0.5371900826446281
0.6296296296296297
0.5957240038872691
0.6108374384236454
0.7113022113022113
0.6498150431565968
0.5134575569358178
0.6218001651527663
0.4330985915492958
0.6181102362204725
0.7101449275362319
0.6862745098039215
0.6782431052093975
0.6560773480662984
0.5495668912415785
0.6157142857142857
0.6435643564356436
0.6856702619414484
0.6628242074927954
0.5821545157780196
0.6387024608501118
0.6866158868335147
0.71875
0.5719101123595506
0.7662061636556855
0.6573348264277716
0.6458923512747875
0.6377816291161179
0.6884920634920635
0.6891334250343879
0.6290174471992653
0.687239944521498
0.6052921719955899
0.7651715039577837
0.6914893617021276
0.6496674057649667
0.6089630931458699
0.6772151898734178
0.6326194398682043
0.5978391356542617
0.7717041800643087
0.6556016597510372
0.6931530008453086
0.6647919010123734
0.5895020188425303
0.5986394557823129
0.6883802816901409
0.620394173093402
0.6981339187705817
