0.7957393483709273
0.7718120805369127
0.7276595744680852
0.7397959183673469
0.7012113055181696
0.7367178276269185
0.7705696202531647
0.759493670886076
0.747141041931385
0.7864644107351225
0.5827263267429761
0.7693898655635987
0.7045454545454546
0.838124054462935
0.7601880877742947
0.765017667844523
0.7661691542288557
0.8120689655172415
0.6738056013179571
0.6796769851951547
0.6918489065606361
0.7220447284345048
0.7722419928825622
0.6253687315634219
0.7197724039829303
0.6333333333333333
0.8029850746268656
0.6563981042654028
0.6327769347496206
0.727810650887574
0.7873711340206186
0.6542553191489362
0.7885085574572127
0.7095959595959596
0.7540983606557378
0.7345505617977529
0.7569060773480663
0.7392373923739237
0.6880630630630631
0.7993779160186625
0.7428571428571429
0.8861283643892338
0.7944785276073619
0.7662337662337663
0.8233034571062741
0.7042716319824753
0.7247596153846154
0.7005347593582888
0.7772277227722773
0.8423153692614771
0.7449139280125195
0.6724806201550387
0.8104089219330854
0.8866995073891626
0.7547723935389135
0.75
0.6875
0.818069306930693
0.7168998923573736
0.7972560975609757
0.7728494623655915
0.64
0.5868347338935574
0.7732962447844227
0.7415565345080763
0.5813609467455622
0.8507795100222717
0.7272727272727273
0.7331670822942643
0.7481031866464339
0.7324503311258278
0.7380560131795716
0.7546916890080428
0.7846441947565543
0.7386706948640483
0.7104945717732207
0.8413566739606128
0.7044334975369458
0.8383233532934132
0.8418674698795181
0.75
0.7170658682634732
0.8331303288672351
0.7786144578313252
0.8132911392405063
0.6926147704590819
0.7467532467532467
0.7586705202312138
0.7779479326186831
0.79050736497545
0.7982583454281568
0.750599520383693
0.8080536912751678
0.8155619596541787
0.7202680067001676
0.7493765586034913
0.7408207343412526
0.782608695652174
0.7355836849507735
0.7292626728110598
