0.7521968365553602
0.7706919945725916
0.7290274684484039
0.6075022872827082
0.7022977022977023
0.7345013477088949
0.7388888888888888
0.7455410225921522
0.6378174976481655
0.5995423340961098
0.6604046242774566
0.6346153846153847
0.6328671328671328
0.6951710261569416
0.7613636363636364
0.754978354978355
0.6594724220623501
0.5613207547169811
0.7255871446229913
0.7489539748953974
0.75453446191052
0.7489655172413793
0.7412082957619477
0.6778149386845039
0.5704225352112676
0.7777777777777777
0.7132018209408194
0.6387024608501118
0.7627811860940696
0.7350157728706624
0.6537467700258398
0.6975206611570248
0.7644276253547777
0.5778688524590164
0.43502824858757067
0.7445482866043613
0.6873949579831932
0.6964285714285715
0.703076923076923
0.754424778761062
0.7920792079207921
0.7157303370786517
0.7400568181818181
0.6255212677231026
0.5463917525773196
0.7398148148148148
0.7673521850899743
0.7491103202846975
0.835236541598695
0.7580645161290323
0.7007104795737122
0.684931506849315
0.7146739130434783
0.7798657718120806
0.6275704493526275
0.524822695035461
0.6616161616161617
0.7626373626373627
0.7474012474012474
0.5223880597014926
0.605875152998776
0.49832775919732447
0.5528455284552846
0.4597989949748744
0.6829745596868885
0.6041896361631753
0.6067307692307692
0.5589005235602094
0.6194539249146758
0.6102803738317757
0.7191283292978208
0.7259615384615385
0.6429112964366944
0.6858877086494688
0.6432584269662922
0.6390977443609023
0.674457429048414
0.6096302665520207
0.7609868928296067
0.5944055944055944
0.7467866323907455
0.7006079027355624
0.5595375722543352
0.5979477611940299
0.5457875457875458
0.7362204724409448
0.6048513302034428
0.5334448160535117
0.589189189189189
0.7695906432748538
0.6556854410201913
0.6577540106951871
0.7643732327992461
0.5793051359516616
0.683311432325887
0.6322657176749703
0.5647226173541963
0.6644951140065147
0.5841269841269842
0.6966580976863753
