0.6328358208955224
0.5822946628315756
0.6594494277760594
0.5595635040921492
0.5384838803369155
0.5479885057471264
0.5526617057813394
0.5777565328234544
0.6274887604367373
0.5636687444345504
0.5322277847309136
0.5293757649938801
0.5903237034458755
0.5525444143330323
0.5724871134020618
0.615678776290631
0.5088153417878132
0.5829383886255924
0.5635120546959338
0.633886626996555
0.5769496204278813
0.5463829787234041
0.6347305389221556
0.5501489572989076
0.5851876453005646
0.598471059337459
0.5789165446559298
0.6142335766423358
0.47100802854594115
0.6403541128734784
0.5808890232839432
0.5843251088534107
0.5736507936507936
0.618694885361552
0.6719757299962078
0.5919403995936336
0.5965116279069768
0.6411600279524808
0.48172323759791125
0.6617086193745233
0.525934861278649
0.665390749601276
0.582975915539426
0.5808306709265175
0.6300879192445458
0.5871010638297872
0.5512820512820513
0.5439560439560439
0.5947930574098799
0.5442020665901263
0.5764633772601899
0.544257979598552
0.5624187256176854
0.5385095104458996
0.5753298557839829
0.6145354185832567
0.6573208722741433
0.6244411326378541
0.6060882800608829
0.6029619181946404
0.613979348689436
0.563299232736573
0.5806962025316457
0.564030131826742
0.5120967741935484
0.5524861878453039
0.5953105968331304
0.5539986329460014
0.5304819661666135
0.639423076923077
0.6000664893617021
0.5500676589986468
0.5672849915682968
0.5587958607714016
0.5909950813469542
0.5127431254191817
0.622826430603857
0.5836599336750076
0.4982130092923516
0.5996983408748114
0.5654726952436876
0.5877813504823151
0.5737553779963123
0.559479015918958
0.5332062281537973
0.5730701237477903
0.556642473966551
0.6132381570408826
0.5782424044429925
0.5151761517615177
0.6031897926634769
0.6292553191489362
0.5153215364695727
0.5450134770889488
0.5167356148928168
0.61029651352232
0.5578271028037383
0.5832566697332108
0.6175666438824333
0.6152281313571636
